Dep,G,C,D
Ain,0.23010286951813755,0.3278830536004332,0.44201407688142935
Aisne,0.17901033170201194,0.23719412724306688,0.5837955410549212
Allier,0.20686667388714391,0.3062926459438969,0.48684068016895915
Alpes-de-Haute-Provence,0.26289953092614815,0.29180757063379514,0.4452928984400567
Hautes-Alpes,0.2798527660495832,0.3135217061816607,0.406625527768756
Alpes-Maritimes,0.19351327818894212,0.29734436221158034,0.5091423595994775
Ardèche,0.2670208152645273,0.2910884648742411,0.4418907198612315
Ardennes,0.1942225626436153,0.25932815406499615,0.5464492832913886
Ariège,0.2988881621975147,0.30531938085894916,0.39579245694353604
Aube,0.1704138155751059,0.27164114260888456,0.5579450418160096
Aude,0.22611430430538987,0.3032209087951415,0.47066478689946856
Aveyron,0.2483794295592048,0.3739196197061365,0.3777009507346586
Bouches-du-Rhône,0.24082692932135508,0.2823898690334451,0.47678320164519966
Calvados,0.24836029733275033,0.3461958898119808,0.4054438128552689
Cantal,0.19233240522595846,0.34407796101949023,0.4635896337545513
Charente,0.2527294346557129,0.32904550859366555,0.41822505675062155
Charente-Maritime,0.24205061648280335,0.3416612589227774,0.4162881245944192
Cher,0.20960556340323808,0.30957296533739,0.4808214712593719
Corrèze,0.24163247678687114,0.33318937594472037,0.4251781472684085
Corse-du-Sud,0.2784975503538378,0.21567773543821453,0.5058247142079478
Haute-Corse,0.29688513951979234,0.20614319705818737,0.4969716634220203
Côte-d'Or,0.23843299869052817,0.3375163683980794,0.4240506329113924
Côtes-d'Armor,0.27679052234787294,0.3609046849757674,0.36230479267635973
Creuse,0.2494834148994019,0.30201196302338235,0.44850462207721586
Dordogne,0.2567024856181483,0.3135786388798437,0.429718875502008
Doubs,0.2505465675557499,0.3263008307826848,0.42315260166156543
Drôme,0.274877916440586,0.306456863809007,0.418665219750407
Eure,0.20719929762949954,0.28654521510096576,0.5062554872695347
Eure-et-Loir,0.19967069154774975,0.3141602634467618,0.4861690450054885
Finistère,0.30707395498392276,0.3817792068595927,0.3111468381564844
Gard,0.22655826558265582,0.2757723577235773,0.497669376693767
Haute-Garonne,0.3053989592367736,0.3679531656548135,0.32664787510841287
Gers,0.24377840294308595,0.3533867128327202,0.40283488422419395
Gironde,0.28043478260869564,0.36119565217391303,0.3583695652173913
Hérault,0.2641185312432897,0.2979385870732231,0.4379428816834872
Ille-et-Vilaine,0.3008916102696315,0.40938876356214415,0.2897196261682243
Indre,0.21724100680566055,0.300745381873177,0.4820136113211624
Indre-et-Loire,0.2542704819932543,0.35806767489935803,0.3876618431073877
Isère,0.277946273830156,0.33589688041594457,0.3861568457538996
Jura,0.2535827589979215,0.3067498085548627,0.43966743244721584
Landes,0.23846321288637354,0.3865912059207663,0.3749455811928603
Loir-et-Cher,0.2092244545258155,0.31875135018362494,0.4720241952905595
Loire,0.23500810372771472,0.31474878444084275,0.45024311183144244
Haute-Loire,0.2206185567010309,0.2639175257731959,0.5154639175257731
Loire-Atlantique,0.3115832614322692,0.3944132873166523,0.2940034512510785
Loiret,0.20777377442952288,0.34239545801943444,0.4498307675510426
Lot,0.2807149779261333,0.3587810918488209,0.36050393022504573
Lot-et-Garonne,0.2189478279851561,0.30255402750491156,0.47849814450993233
Lozère,0.23787504032691686,0.3118614904828476,0.4502634691902355
Maine-et-Loire,0.254111576910674,0.3951413522519618,0.3507470708373642
Manche,0.22645594284477163,0.3588439056072743,0.41470015154795414
Marne,0.18523344191096636,0.3155266015200869,0.4992399565689468
Haute-Marne,0.16906873614190687,0.2596452328159645,0.5712860310421286
Mayenne,0.2218770087850868,0.4072209127919434,0.37090207842296974
Meurthe-et-Moselle,0.24348587694328883,0.3157433763958835,0.4407707466608277
Meuse,0.18566418237615082,0.28485313459009204,0.5294826830337571
Morbihan,0.26004753673292996,0.3767286084701815,0.36322385479688846
Moselle,0.2165336879432624,0.30574024822695034,0.47772606382978716
Nièvre,0.21585271745121817,0.31021938044317054,0.47392790210561136
Nord,0.2425938117182357,0.29427254772876893,0.4631336405529954
Oise,0.2016102349178339,0.2752839969118782,0.5231057681702879
Orne,0.20030299751109185,0.3248566172492155,0.47484038523969263
Pas-de-Calais,0.2053937432578209,0.2473570658036677,0.5472491909385113
Puy-de-Dôme,0.25374430214890387,0.36118949424788366,0.3850662036032125
Pyrénées-Atlantiques,0.27873656789319434,0.39292304352545315,0.32834038858135245
Hautes-Pyrénées,0.25811001410437234,0.3429532385808831,0.39893674731474454
Pyrénées-Orientales,0.22552351715820632,0.26444468808244703,0.5100317947593465
Bas-Rhin,0.24091108190976784,0.3451598773543583,0.4139290407358739
Haut-Rhin,0.2226792662590328,0.324402445803224,0.4529182879377432
Rhône,0.2748922413793103,0.37596982758620684,0.34913793103448276
Haute-Saône,0.20362637362637365,0.2628571428571429,0.5335164835164835
Saône-et-Loire,0.21268777693720956,0.3194639576353615,0.4678482654274289
Sarthe,0.23667100130039012,0.30721716514954484,0.45611183355006507
Savoie,0.26518678938819706,0.331997834325934,0.40281537628586905
Haute-Savoie,0.27026732133115106,0.36279323513366063,0.3669394435351882
Paris,0.31388564760793464,0.4542272196881298,0.23188713270393546
Seine-Maritime,0.23400065638332787,0.30806257521058966,0.4579367684060825
Seine-et-Marne,0.24533333333333332,0.32211111111111107,0.4325555555555555
Yvelines,0.24284164859002172,0.41832971800433844,0.33882863340563996
Deux-Sèvres,0.2627930009904259,0.36953890172774295,0.3676680972818312
Somme,0.20812567713976168,0.28602383531961,0.5058504875406283
Tarn,0.2477403898508113,0.31895894587825335,0.43330066427093544
Tarn-et-Garonne,0.22351407149842445,0.2990329240465066,0.47745300445506905
Var,0.16562875559925708,0.29837211843111544,0.5359991259696274
Vaucluse,0.2249673487157162,0.27753591641271225,0.49749673487157164
Vendée,0.21366137908708324,0.38437466278191434,0.40196395813100255
Vienne,0.2650130548302872,0.34323324630113144,0.3917536988685814
Haute-Vienne,0.26167209554831705,0.3439739413680782,0.3943539630836048
Vosges,0.20773371416016698,0.2839723168186312,0.5082939690212018
Yonne,0.2004364429896345,0.27965084560829245,0.5199127114020732
Territoire de Belfort,0.23785871964679914,0.29845474613686535,0.46368653421633554
Essonne,0.2788958539535906,0.3584075662597603,0.362696579786649
Hauts-de-Seine,0.25952951426704424,0.46242648660422564,0.2780439991287302
Seine-Saint-Denis,0.3473801560758083,0.3216276477146042,0.33099219620958753
Val-de-Marne,0.3039503754489063,0.38393731635651324,0.31211230819458047
Val-d'Oise,0.28068812430632634,0.3528301886792453,0.3664816870144284
Guadeloupe,0.308411214953271,0.3219848687138407,0.3696039163328883
Martinique,0.33176713270685304,0.3431125372450149,0.325120330048132
Guyane,0.37250910649239344,0.2584101135633169,0.3690807799442896
La Réunion,0.34252571678704313,0.19708907857299188,0.460385204639965
