Dep,G,C,D
5.98,0.1913246367589352,0.27754799024286775,0.531127372998197
4.98,0.15244477018113284,0.19976965762747356,0.6477855721913935
5.32,0.20570948782535686,0.2600755667506297,0.5342149454240135
5.77,0.23706530958439356,0.27258269720101785,0.49035199321458867
5.69,0.23957230573787844,0.3131484226127461,0.4472792716493754
9.14,0.17321919255971252,0.23758190657366307,0.5891989008666244
5.72,0.22680084745762713,0.27658898305084745,0.4966101694915254
5.23,0.1688352570828961,0.21804826862539348,0.6131164742917103
4.61,0.28535139712108387,0.2868331922099916,0.4278154106689247
5.64,0.15880008391021605,0.22477449129431507,0.6164254247954688
5.7,0.2026116259477675,0.2652695871946082,0.5321187868576243
5.15,0.24396415392725357,0.3260938323668951,0.4299420137058514
6.72,0.24952721159907543,0.23544862366043284,0.5150241647404917
4.69,0.20854826823876196,0.3486682808716708,0.4427834508895673
4.88,0.18766308318547126,0.2781546811397557,0.5341822356747731
4.56,0.2091138707640497,0.3065670385182067,0.4843190907177437
5.44,0.19386787482878515,0.3302075650616373,0.47592456010957745
5.74,0.1942977824709609,0.26863780359028505,0.537064413938754
4.42,0.23611548556430445,0.28850393700787397,0.47538057742782147
5.47,0.20723300456039878,0.2973804221020257,0.4953865733375755
4.26,0.22233963859241257,0.3595054422487583,0.41815491915882913
4.54,0.23824583596879614,0.26734134514020663,0.49441281889099725
5.2,0.22964685980122643,0.2882216113343201,0.4821315288644534
4.96,0.21344626786659607,0.285865537321334,0.5006881948120698
5.77,0.2387664264518864,0.2778719796523951,0.48336159389571853
4.83,0.18560286677908938,0.2491568296795953,0.5652403035413153
5.52,0.19476406629367676,0.2592631690066505,0.5459727646996727
3.99,0.22114976665252442,0.39669070852778954,0.38215952481968607
8.62,0.16858397824722865,0.24513700062748378,0.5862790211252876
8.15,0.18209583991574516,0.22422327540810955,0.5936808846761454
6.09,0.2130941139439723,0.24551463644948063,0.5413912496065472
4.94,0.2687944014420528,0.3457745732159898,0.3854310253419574
5.47,0.22569407790562654,0.32070093951229817,0.45360498258207543
5.07,0.23090736241681634,0.3392838280342242,0.42980880954895956
6.06,0.23873209772535806,0.27495787700084245,0.4863100252737995
3.95,0.24851569126378287,0.3875106022052587,0.3639737065309585
5.26,0.18847286495582669,0.26093815734118636,0.5505889777029869
5.15,0.22451571927596065,0.3395787022335133,0.4359055784905261
5.0,0.2475132275132275,0.30402116402116397,0.4484656084656084
5.22,0.21510516252390058,0.27607818143190993,0.5088166560441895
5.2,0.23076923076923078,0.33406893652795294,0.4351618327028164
5.75,0.18955899379012736,0.2831280917798127,0.52731291443006
5.77,0.21552540233512146,0.26538340170400754,0.5190911959608709
5.42,0.19080193643443485,0.2420543043569775,0.5671437592085877
4.4,0.2522311942201445,0.3808967275818104,0.3668720781980451
5.4,0.20493358633776096,0.29295804343242676,0.5021083702298124
4.42,0.256809750927398,0.3428722840487547,0.4003179650238474
6.01,0.21726346739472854,0.2542266092617873,0.5285099233434842
5.41,0.24513292861628638,0.2791500942013816,0.475716977182332
4.37,0.21389124893797792,0.37064570943075614,0.4154630416312659
4.48,0.18900452013034796,0.3546725533480501,0.456322926521602
5.28,0.16972621420329378,0.2615126403021084,0.5687611454945977
5.29,0.1444281524926686,0.21690406367825718,0.6386677838290741
4.49,0.17427517132314183,0.3866104375329468,0.43911439114391143
4.87,0.211816932670965,0.2882359158651306,0.4999471514639045
5.7,0.14943737511830898,0.23830055736670522,0.6122620675149858
4.85,0.19787685774946923,0.3671974522292994,0.4349256900212314
5.41,0.1888393804370889,0.2555697008274984,0.5555909187354127
5.33,0.19485023646873356,0.27861271676300575,0.5265370467682606
4.53,0.24599831508003367,0.24842038753159223,0.5055812973883741
5.47,0.19601433994095313,0.21973850695908903,0.5842471530999578
5.35,0.1720475339152382,0.29330108318435166,0.5346513829004101
4.24,0.18560050303919515,0.2156780549151121,0.5987214420456928
4.51,0.2367893682101044,0.31684421474528,0.44636641704461555
5.34,0.2571155480033985,0.3509983007646559,0.39188615123194565
4.85,0.2425904440459867,0.3173715852758147,0.4400379706781985
6.26,0.1913437236731255,0.23831086773378266,0.5703454085930918
5.86,0.20665742024965325,0.30353142003627437,0.4898111597140723
6.28,0.19145501506672408,0.27410675850193716,0.5344382264313389
5.98,0.26971174226367106,0.31824925816023747,0.4120389995760916
5.34,0.16584392395756747,0.22760214263207645,0.606553933410356
5.38,0.18287037037037035,0.2850378787878788,0.5320917508417508
4.89,0.1890893742745595,0.3022053392423763,0.5087052864830643
5.6,0.2154238368387508,0.30305927342256217,0.48151688973868706
6.28,0.2090207842296979,0.3212984786800943,0.46968073709020786
5.93,0.3171494061262763,0.4227964159199833,0.26005417795374036
4.42,0.21865154379332075,0.28712455366519635,0.49422390254148285
5.35,0.26195778979743345,0.25273093647258454,0.485311273729982
6.87,0.24203282159872952,0.3455796717840128,0.4123875066172578
4.36,0.21527411006654698,0.3519594380479561,0.43276645188549706
4.32,0.20895366996356066,0.23331598125976055,0.5577303487766788
5.27,0.2316789862724393,0.28785638859556495,0.48046462513199584
6.2,0.21366079898808896,0.25308316643828394,0.533256034573627
8.82,0.15036803364879076,0.23322818086225028,0.616403785488959
7.49,0.2054708048395581,0.23671751709626512,0.5578116780641768
5.67,0.16319847892679834,0.3413964297031794,0.49540509137002214
4.39,0.23465933135844264,0.32977147693609815,0.43556919170545916
4.22,0.24144446777241232,0.3170270837707327,0.4415284484568549
5.23,0.17012711864406777,0.2515889830508474,0.5782838983050848
5.36,0.19372888513513514,0.24303209459459463,0.5632390202702703
5.49,0.21849453232827268,0.2508758891602081,0.5306295785115194
4.97,0.2963634424656073,0.3037218726671643,0.39991468486722825
6.35,0.2816826973892823,0.38146073353768106,0.3368565690730366
3.71,0.5165997039543244,0.2228801015013745,0.26052019454430114
5.83,0.35664335664335667,0.3137317228226319,0.3296249205340114
5.3,0.34672461310154756,0.2582149671401314,0.395060419758321
3.33,0.25847993560998045,0.3229849373347131,0.41853512705530643
4.53,0.31374786081003986,0.37912150598973193,0.30713063320022815
5.27,0.3511836359457596,0.24580556193978398,0.40301080211445645
5.68,0.3301404158049418,0.2080113203439643,0.461848263851094
